001308
300267
300074
301024
300234
301167
301027
300204
301010
301083
300163
300142
300256
301070
688180
300621
301199
688075
300808
301159
688136
301046
002482
300992
000671
000861
000517
600758
000055
002505
002562
002694
600969
600698
600736
600149
003035
002811
600249
000965
000966
601086
000639
000524
002537
603017
600767
002633
600293
603126
603070
600714
600744
600420
002789
002015
002349
603578
002949
605178
603815
002825
600818
605155
002667
002864
600335
600381
600610
600770
601155
601886
603229
603351
603477
000619
001210
001896
002235
002317
002490
002990
002761
603122
603520
603636
603703
002053
603261
002626
603045
000722
600056
000688
002915
603139
002613
601607
000691
002737
600318
600048
603226
600155
600383
000620
002566
600077
603183
600613
002165
600819
600133
600121
600828
002047
600466
002247
002244
688185
300300
688398
300688
002637
300294
600992
300057
688221
002943
000755
300026
600546
300511
600971
000933
300290
000420
300601
600561
601199
601028
600108
603363
300635
601001
300051
000736
301129
603527
603176
688737
300993
600800
603177
601666
603668
601699
600153
002862
603199
600644
300576
000504
600647
301043
300675
002478
600716
603021
002068
000560
002576
603488
300506
002429
301211
002738
600351
600792
002428
603392
300254
002565
600218
300990
600421
300935
600708
002398
300320
603102
600508
002750
300509
300594
600874
603918
300446
002623
002278
600596
301081
002774
002307
300374
002941
000650
600629
600860
002133
600207
000510
002061
601800
000829
300008
300931
600533
300651
300064
600141
603948
600740
601388
600657
300125
000931
600123
300725
300746
300210
300022
603030
600791
603963
002918
603099
300049
600136
000807
002098
603366
600587
600505
000937
002759
300603
600551
601900
002885
000557
600975
000993
600997
002728
600676
688131
000983
000711
301149
603637
300471
600180
600378
601963
000012
300344
603315
688196
600526
600325
601918
600197
301059
002375
688068
000877
300286
600477
300614
300096
300194
300328
600397
002775
601117
605299
002679
000882
601898
000153
002370
600757
300449
601318
600539
605287
600168
600719
300671
688335
301049
000961
600856
601188
002046
300989
600729
002868
002826
002893
603215
600749
000779
605333
603309
000813
002840
002005
605018
002564
600496
300550
600191
000971
002128
605589
600608
002668
600291
002219
600361
600550
603909
002652
002100
002066
601113
000911
002620
000833
603535
600198
600083
600099
600078
600403
601020
603013
300485
600306
605122
600615
002766
603032
002567
002427
600408
600301
000498
600322
603322
688377
600062
000707
002671
300500
002305
300439
002323
000899
603217
600778
603332
002809
600405
300517
000027
000537
300284
000090
600395
600122
603359
000978
001227
002277
603165
000564
688219
000719
300867
000430
002421
600027
002559
000702
600497
000525
601015
600248
603766
601718
300169
600864
600101
002226
300778
600721
300732
601011
002988
600387
300354
002424
002596
300585
600507
600726
002177
000002
601952
603828
002644
000529
000576
002116
600281
600793
688270
300497
688123
600724
000543
002163
300668
002514
301035
300826
002200
002285
002353
002770
002411
000552
000778
000809
600300
600725
600753
603260
601168
603603
603978
002135
600032
600502
300221
002124
300565
003020
300168
000820
001979
600373
002555
688105
000679
600509
603868
000897
300201
603555
603399
002337
002243
300534
600985
601166
300948
000630
002806
688606
600569
002464
000155
600157
600880
002159
600929
300854
600064
600582
002038
300280
000573
688030
600057
000591
002743
605286
000626
300065
002501
300823
002088
000888
601928
002095
600692
301228
603612
600188
003003
601669
600769
002795
301082
600376
600173
600743
000028
600053
600193
000516
600761
600310
605098
000960
600229
600572
600540
002329
601636
300259
600082
603813
600348
000812
603867
002532
603136
300075
301111
002842
300658
600329
002039
000558
002905
600054
003017
002383
000530
000985
003012
000608
000503
601225
600796
600970
300014
002462
600876
000729
601101
688175
600638
300805
600277
002856
000615
600233
002059
601000
301037
600780
603168
002495
300498
600567
002765
002740
603378
601019
603898
000791
002345
301056
002832
000892
600177
300444
600036
600295
600476
300422
301235
600956
603848
002980
600226
002665
600595
000723
600919
000637
000919
600227
600125
605028
002899
600601
603458
002639
600995
600272
601992
600463
600751
002629
300310
002691
603599
603699
002211
603385
300795
688289
000863
600219
600889
300262
000065
600340
000656
300110
000667
300173
601390
002848
600409
603101
002325
600030
600506
000036
600586
600251
001212
003018
600642
301136
688690
300237
002033
600663
300135
002628
601801
601599
300519
300247
000571
002404
000672
600158
603089
000655
300006
300092
002433
600129
300133
601600
603357
600209
000929
002193
002717
002791
300929
600051
600161
300160
600684
300949
600557
002492
603236
605268
603300
000721
601328
603279
301072
300076
603499
300040
000793
002403
601595
000883
300108
300856
601858
002062
002853
002997
300335
603113
002686
003013
688317
002031
601778
002058
688767
600156
600598
301075
600707
600004
000789
000058
002641
601333
688076
000627
002548
002883
002020
600531
000404
300401
300086
300137
300769
000597
000915
601700
600091
300106
600560
601899
000402
300345
002989
300980
000663
600829
603303
688113
300814
300849
300715
000690
002502
300438
000926
603006
603729
002461
000593
600988
002437
600566
300030
000069
000797
002572
600115
600979
600292
300670
300844
600332
600528
600665
603779
002479
002718
603938
605138
000632
601628
000826
002714
300985
688089
000635
688396
002816
603608
600266
300482
600097
600185
600863
300791
300199
300269
601919
603839
603929
002218
300111
002302
603701
002658
603311
002890
000014
300050
688298
301062
603800
002995
002696
600606
002739
002921
000761
601601
603667
603103
002275
300207
300266
301023
601512
600452
002240
301025
688202
300107
600170
002132
603628
300977
600691
601128
600189
603908
300318
603111
603717
603838
300281
688199
002520
601009
000790
002616
003001
600321
002982
300018
601006
600710
601618
000638
300557
600529
000042
002040
002081
002204
002592
300859
000513
002512
605266
601868
300144
002205
300417
600138
002431
002238
603077
300510
600012
000727
600755
600285
600515
002820
000006
002880
600422
600712
601368
300419
002295
688005
688575
601777
300355
300140
300080
002615
300105
600213
600232
000917
000987
300983
600109
600112
300627
603955
300587
000520
002314
000666
300556
300020
600664
000631
002808
002291
301057
600785
605255
000715
002561
600781
600166
002517
000921
300200
000677
002571
600739
603629
688177
600483
000753
300011
603133
600215
600651
603616
002146
601088
601816
002215
002952
300692
002233
300025
600278
600926
601518
601966
002683
300588
603565
688308
300371
601222
605151
002663
300373
000669
000839
600425
600241
600236
300273
600094
002041
300367
600973
300189
600689
603810
301006
603696
002734
000949
605388
688096
603886
000523
300535
600449
002363
600017
688350
300069
600630
300462
600583
600148
601238
000612
300610
000786
688488
000016
000521
002084
300448
600283
600159
688276
603306
300586
002782
301119
600196
601500
000806
300436
000796
301207
603028
603116
000718
300625
600777
600917
002678
600252
603268
300592
002118
600021
603489
601038
688062
002208
600280
603278
002183
301032
000952
002515
300220
603299
002252
000836
300150
300154
002494
002442
002712
000766
300899
002719
300359
601608
300091
002035
002599
600693
601330
601588
603998
002400
300796
000565
301098
002157
003039
000912
600626
002426
603871
000023
600814
000509
002513
600686
300126
301036
600380
300099
600231
600621
603115
300038
600165
601985
001289
603008
000923
603863
300228
000031
002357
600169
300737
603001
300317
300736
603286
603508
600731
603739
003041
002996
600960
600748
002021
603093
688059
002150
000980
603601
600139
600580
688260
002861
600362
605001
002052
002660
002419
000876
000572
002697
000611
600805
002731
300149
600622
603758
300902
002397
002796
600581
601857
002367
300599
600354
600007
600715
002969
000004
300128
002965
600854
002365
600968
603026
300520
603155
301030
603106
600848
000518
688526
002729
000609
601336
002228
002343
300078
605303
000049
002207
300324
600768
600050
603937
600717
002339
603105
002963
002545
300818
600802
002526
002942
003008
600895
000046
002642
002454
300567
000936
002676
605598
603387
603879
002187
603657
603356
000029
000590
600242
600117
000830
688280
002334
000554
000751
002839
600039
000776
300881
600331
600823
601228
000570
301182
603117
300425
001201
300202
002406
002499
301016
688700
601828
003043
300023
603161
601127
600308
600905
002656
605169
000600
300253
600419
600499
002399
600604
688246
300124
002458
000752
000893
300270
002271
300986
600208
601956
002417
300198
300291
002947
605006
603150
603188
000759
600261
600977
601186
603331
600578
002390
600187
600470
603166
000989
002701
688356
688133
300434
600319
600727
601566
002798
002700
300640
300644
600469
300196
603015
688310
301113
600439
000417
603009
601528
002538
000967
688799
002708
300551
000767
002225
300097
300960
600565
688217
002443
002521
600256
600980
300278
600368
002554
002793
600356
600722
603968
688139
000068
300375
600488
002653
600838
603178
600890
603798
000705
300103
300717
600804
000968
300332
300411
002014
002289
688701
603958
605177
603187
002871
002105
600287
601258
000930
002638
002723
600088
603990
688285
300319
600163
603725
603196
605588
002586
002593
600637
601991
000532
000890
000680
300195
603933
603992
002488
600000
603587
601619
300492
300707
002992
603790
000407
002355
002542
000811
600365
002199
300793
601577
002503
600481
600037
300282
600302
600179
603368
601939
300187
300301
688108
001288
002646
002772
300066
300155
002234
600675
600654
000862
300554
002797
000652
300420
600128
002231
300957
002168
002852
300970
300176
603010
301008
002587
300255
000507
001211
603408
605366
300967
603896
002551
300406
603823
000089
600328
300268
300404
000972
688079
688163
002932
300188
002064
600234
002308
603238
300302
000880
600495
002863
000885
002341
003000
002394
603216
002087
605318
000822
300230
603693
300952
002392
002722
603885
300966
600146
600307
600623
000716
002310
000601
600898
688399
002591
300749
600789
603038
603709
002539
600741
600649
600774
000536
002131
300617
688235
000910
601999
603988
300087
002388
000668
300780
002687
000039
000958
300336
002290
000545
300720
300029
300274
300642
000040
000927
002076
002843
002887
600867
300995
002838
600103
603677
600981
601010
300321
600984
600877
002263
000156
000429
002344
002606
600273
002827
002382
603833
000818
603903
002387
600811
002110
002648
603817
000607
002510
002746
002783
301003
300838
000610
300864
600750
688165
300503
603530
300009
601326
601808
601838
603079
600052
600605
600009
600575
603090
002778
688067
002486
002741
002563
300766
600965
603861
000750
300761
600530
600998
603860
605289
301055
600593
600683
002877
002096
600558
600782
600223
300665
601077
000850
002931
002627
603323
605055
300117
301079
605288
000416
600592
300926
600894
002507
002640
000698
688393
600846
002358
300067
300072
002725
000659
600162
600333
603496
002331
600511
600172
600892
000735
600824
300961
301091
300604
600126
000701
300606
601018
002752
300162
600599
002347
601339
002457
002925
002255
600076
002622
601611
605058
688425
002873
300192
600386
600512
603626
300938
000151
601319
000010
605108
000617
603856
601949
605162
600527
002999
002688
300384
600023
600033
600228
600808
688509
300536
301067
600585
300611
600279
600888
688129
600713
601929
688051
002144
600771
688656
603776
301126
300464
600467
603367
600655
000017
000623
600105
600620
600839
002733
605577
300562
600085
600517
603333
000011
601515
300501
300245
600258
000709
600827
000037
000616
002109
300190
300435
605077
301000
600538
000900
002705
601811
002145
603128
300239
603221
002381
603697
600075
300399
300988
000001
300349
300478
002115
603610
002188
603855
600603
600831
601008
600635
600336
000421
601678
300927
603277
605198
600790
603081
000878
300839
300555
300883
600339
001313
002229
600243
002282
002618
002946
605086
002265
600326
600282
300493
603586
002888
601016
000505
002090
600433
300626
600742
002867
000628
301068
601098
300044
002012
603239
688722
300453
603208
600006
603877
000533
300463
603585
000717
002125
601996
688687
300263
301033
300063
301076
002348
301217
000063
000099
300559
300882
003019
600150
603040
002267
002445
002471
300347
002527
300912
600428
002083
600195
000953
300021
300879
000078
002075
600851
000544
600016
600130
002094
600865
600628
002379
300787
603429
300171
601005
603926
688505
000501
600887
601002
000950
002328
002570
600035
300313
300191
600795
600650
600830
002580
300898
002536
300027
300043
300648
300695
002245
301041
601998
000060
000528
000585
002209
300526
603890
601818
603556
000973
688226
600026
600618
300112
603993
600653
601598
002342
600137
600801
002760
002909
002998
301158
300987
688633
603519
002581
300947
300138
002395
002029
601398
601968
301130
300639
600704
600843
601702
603685
300779
300289
600611
002972
300923
000589
002032
605567
002321
002635
300197
300243
300735
300350
300461
300815
688016
600299
600966
600015
601616
605580
000868
600826
000592
000625
600359
600883
601200
600423
300491
603095
603389
002889
600718
001216
600461
300817
002684
300641
605319
603661
301181
688166
300251
600590
688557
300629
300654
000531
600616
002166
605158
600370
600398
002272
600418
605188
002631
300252
600817
002042
600908
603648
002523
300392
002002
002298
601111
600787
603023
600210
601187
002560
002917
600284
603336
000007
000538
002489
300145
000860
002237
601021
600081
603609
002601
300403
300472
300647
301190
603606
605208
600982
002785
600269
600694
301168
605365
300507
603880
002127
002927
002447
600070
300973
600116
605066
002256
300589
300514
300473
002959
603819
002374
600844
603919
605376
000757
600688
002662
300906
600084
600640
002608
300388
300920
601399
000034
600875
002703
300295
688565
688126
688681
300053
600643
601212
002707
300405
002077
600548
600681
600697
603598
000553
002907
300845
300016
600462
688571
600821
002578
000582
000959
600371
603773
001296
300486
000401
000905
001696
002911
601665
000720
600624
002213
600652
300505
601169
300121
600025
600737
002239
002360
300703
300713
300622
600619
600798
000622
001234
603638
002896
600820
300950
688278
300701
300148
003033
002175
300865
603022
300885
603727
300851
603007
300423
300515
600658
002788
600733
000599
601860
688600
002361
600479
600897
000559
300652
603618
002156
688662
300739
000550
002645
000159
001267
600382
600222
000851
002266
600360
600794
000886
002385
600836
600297
605133
000415
600597
600639
600662
601988
000587
300164
300277
002378
002434
600008
300892
600073
301045
688616
603757
002817
605228
002689
600031
600963
600066
002585
688679
002067
601360
002198
002259
603059
002114
002130
002903
300711
603811
002516
300170
300466
300032
601279
300004
605336
301085
600400
002249
601218
603041
300441
300468
300822
600594
002072
300529
603069
603076
301106
600120
600858
002338
600468
603018
603721
000061
688057
600131
000070
300141
000957
300381
300930
603127
300019
603767
688248
002910
600559
000810
600396
300047
300272
300427
301039
688109
300071
605100
688585
002181
002673
601116
603818
002901
600389
002140
605060
000409
600255
300389
300619
688500
603600
600320
600754
688013
300678
603967
688379
600941
600345
603025
600352
603058
600028
603011
002773
300184
600167
600959
000595
300706
601688
600311
603066
000008
002430
002575
300821
603980
300602
002465
002292
002930
300303
600571
600327
603607
688210
600235
002742
000541
002496
300490
603789
300835
603682
002654
600022
600067
300214
300326
601969
603132
603283
000825
301042
002928
605258
688597
300637
688161
603087
603042
605090
300227
002303
002582
000683
601177
002958
002026
002815
601827
001206
002217
605069
603398
002898
600178
600513
603316
002634
000519
300177
002588
300600
603016
688418
000423
688212
002416
600186
603605
600063
002254
600516
603358
300549
600573
002763
002600
002441
002007
688218
000962
001203
300098
600217
688338
000021
300664
300908
000020
000932
002085
300426
603096
603797
600868
002573
600807
601179
603048
301166
002470
601139
603615
002440
600678
603444
300836
300174
300571
002881
603991
002074
002069
002745
603687
002781
603656
002721
688272
300615
300767
601162
300788
002148
603619
000975
300213
300376
600674
605566
688160
688192
300719
600313
603788
000732
002311
002340
300293
300504
603726
600612
605259
301193
000596
605298
600879
002732
300283
600482
600221
603706
002690
300858
603630
000788
600391
002682
002547
300412
600230
000019
002446
603686
600815
601975
603012
688567
300370
603611
002751
601606
002010
603156
600576
002577
600060
600315
300676
003037
603518
600773
600525
600493
600837
300937
688560
300801
600160
601579
002936
688360
000731
603511
000920
002286
600250
300570
603108
002986
603377
300236
300689
300242
301053
002933
605167
002158
002251
603390
300677
300741
300285
000539
603529
002978
003011
300968
600617
002253
300495
301048
603500
002369
300650
601288
601866
002210
002956
600090
000413
000419
603928
000685
601099
002162
300454
300085
600239
601668
605296
000066
300964
000088
000990
600881
600498
002191
300314
688236
002293
002716
300185
603536
600503
600871
000802
600535
603037
603339
002224
002713
300876
000561
300886
002045
300572
600935
003015
688553
000998
301198
002376
601068
003027
002647
000603
002078
300564
002051
603036
002598
300653
000800
002589
300978
603318
002019
300433
688466
603290
002065
605081
002857
603528
688529
300414
300840
301073
000903
000678
000908
300733
688316
002962
300582
600478
000026
000913
300153
688092
300139
600268
002758
002792
601825
603223
600460
002097
002669
300727
002449
000005
000725
000025
001209
603558
002269
002685
300342
600487
300753
605118
301061
301087
002418
600475
688579
601229
000785
002659
601916
603085
300889
300132
002297
603071
688176
301090
600132
002164
002313
600369
600489
001218
002636
300939
600720
300407
300774
300871
688669
300276
601226
605056
001207
002468
300271
603577
600029
688303
301040
300828
300847
601058
688659
300100
300304
600812
603086
002024
688255
300530
601138
603901
300897
002264
300984
002966
300781
600298
603335
300901
301058
000798
600107
600010
688095
002195
603557
688038
300976
600784
000996
002630
003016
002099
000756
002016
002522
300933
601216
601965
000758
000928
000859
002672
002469
002544
600822
300979
603689
000048
300533
600118
002107
300545
000898
603722
300002
603230
002935
300563
600289
688711
002768
300042
002681
300070
300880
002276
600305
002167
300745
002780
002044
002312
002324
002543
601211
300327
600246
600901
300797
603225
000816
688599
300527
301185
002093
002614
002674
300877
002476
002790
000708
300232
603617
600059
601003
301077
601997
300348
300607
688683
000835
002451
002315
301100
603588
301127
600415
000581
605033
300240
300893
301133
001965
688328
688566
603131
300538
300916
300591
603159
002632
688093
002649
603167
300127
300496
600393
603878
300905
000783
300055
300159
603639
002590
002749
600390
000918
600435
000598
002981
002693
300862
000629
000733
600928
301096
002569
601989
000425
002154
603214
688511
603658
300932
000488
600211
600705
601311
601698
603158
688178
688191
603551
002232
300298
603327
301021
603121
000782
688697
300723
603053
603157
600850
300181
300684
000586
300238
300718
300956
601766
002519
605179
002485
600429
300458
002498
002786
601958
002846
600636
605368
002201
300437
300798
300852
000514
002189
601921
688699
002973
000951
301051
603719
300178
002961
301013
601727
003816
002531
300353
300357
002603
300577
300834
002926
600309
301019
002294
300869
002767
605378
002497
600225
600759
003002
300508
300341
002299
603683
301020
002675
688227
300305
300356
300810
300770
600444
688071
002984
603580
300340
688528
600666
601568
688027
301093
605500
301123
603777
605507
600151
600695
601108
000713
603043
688055
300771
600835
301196
300322
002274
300385
605488
002625
605218
688314
002212
600682
688309
301229
603080
000338
000050
000901
603171
688981
000700
300017
300909
300457
300613
301026
600645
603068
002160
300084
002121
001872
002227
688098
300532
688538
600491
600671
300136
300445
002306
603118
000403
301086
300803
301101
688198
688312
000606
000692
600857
603000
600020
600909
601118
600363
605599
688168
688819
600093
002535
000410
600936
603680
603858
300991
301189
002322
300866
300940
600776
600961
002134
002900
600337
603936
000831
300241
300390
300365
300424
605183
000828
605305
003042
301215
002541
002692
688216
000150
600869
603329
002869
600859
300180
603355
300953
002902
688004
002242
600377
002574
002030
688085
300391
300698
603213
002835
000651
600568
002202
002320
603660
300632
688336
605099
300633
